3.56, 6.26, 4.26, 6.25, 5.27, 4.37
34.1, 32.8, 38.5, 36.8, 37.3, 31.2
28.4, 30.8, 32.7, 36.6, 38.5, 41.6
48.5, 43, 46.8, 38.6, 36.3, 39.7
0, 32.1, 18.7, 23, 25.9, 0
967, 852, 591, 539, 863, 429
42, 41, 39, 44, 50, 41
46, 46.4, 42.1, 48.4, 49.5, 39.4
0, 65, 49, 42, 50, 0
42.4, 41.3, 39.6, 48.3, 46.3, 43.7
3.5, 6, 5, 5, 4, 4
10, 10, 10, 10, 10, 10
0.1, 0.1, 0.1, 0.1, 0.1, 0.1
0, 0, 0, 0, 0, 0
1, 1, 1, 1, 1, 1
0, 0, 0, 0, 0, 0
1
300, 300, 300, 300, 300, 300
0, 0, 0, 0, 0, 0, 0
20, 20, 20, 20, 20, 20, 20
3.56, 6.26, 4.26, 6.25, 5.27, 4.37
6