随机森林分类
创建时间: 2022-02-05 14:19:09.884096
-------------------------------------------------
路径:
影像: E:\wodebishe\RFC\GF_2.tif
训练样本: E:\wodebishe\RFC\train1.shp
验证样本: E:\wodebishe\RFC\validation1.shp
属性字段名称: class
分类结果: E:\wodebishe\RFC\results\result_GF2.tif
结果文件: E:\wodebishe\RFC\results\result_GF2.txt
-------------------------------------------------
图像大小: 2860 x 2859 (行 x 列)
波段数: 4
---------------------------------------
训练样本
决策树的数量: 500
243566 个训练样本像元
训练数据包括 6 类: [1 2 3 4 5 6]
--------------------------------
模型训练和模型诊断:
预测的精度指数: 95.29942602826338%
波段 1 特征重要性: 0.310468639217425
波段 2 特征重要性: 0.14798158490400556
波段 3 特征重要性: 0.286546121187998
波段 4 特征重要性: 0.25500365469057146
predict      1      2      3      4      5      6     All
truth                                                    
1        37156      0      0      0      0      0   37156
2            0  63988      0     12      0     10   64010
3            0      0  21860      0      0      0   21860
4            0     64      0  61752    204    107   62127
5            0      0      0     20  39988      4   40012
6            0     14      0    134     74  18179   18401
All      37156  64066  21860  61918  40266  18300  243566
------------------------------------
验证
189706 个验证样本像元
验证数据包括 6 类: [1 2 3 4 5 6]
col_0      1      2      3      4      5     6     All
row_0                                                 
1      32252      0      0    155      0   154   32561
2          0  49269      0   2180      0   243   51692
3          0      0  18172      0      0     0   18172
4          5   1760      0  43602    869  3297   49533
5          9      0      0   5464  21212   342   27027
6          0    405      0   4545   1422  4349   10721
All    32266  51434  18172  55946  23503  8385  189706
              precision    recall  f1-score   support

           1       1.00      0.99      1.00     32561
           2       0.96      0.95      0.96     51692
           3       1.00      1.00      1.00     18172
           4       0.78      0.88      0.83     49533
           5       0.90      0.78      0.84     27027
           6       0.52      0.41      0.46     10721

    accuracy                           0.89    189706
   macro avg       0.86      0.84      0.85    189706
weighted avg       0.89      0.89      0.89    189706

精度指数 = 89.00930914151371 %
